# Following the translation table extracted from recode 3.3, file ibmpc.c:
# latin1 to ibmpc, contributed by Martin Wunderli <wunderli@inf.ethz.ch>:
182 20
167 21
199 128
252 129
233 130
226 131
228 132
224 133
229 134
231 135
234 136
235 137
232 138
239 139
238 140
236 141
196 142
197 143
201 144
230 145
198 146
244 147
246 148
242 149
251 150
249 151
255 152
214 153
220 154
162 155
163 156
165 157
225 160
237 161
243 162
250 163
241 164
209 165
170 166
186 167
191 168
172 170
189 171
188 172
161 173
171 174
187 175
223 225
181 230
177 241
247 246
176 248
183 250
178 253
160 255
